Inputs: 1 0 
Expected Output: 1 
Results: 0.968941 

Inputs: 1 1 
Expected Output: 0 
Results: 0.00559222 

Inputs: 0 1 
Expected Output: 1 
Results: 0.972436 

Inputs: 0 0 
Expected Output: 0 
Results: 9.25405e-317 

